4294967293,131
4294967293,130
4294967293,129
4294967293,128
4294967293,127
4294967293,126
4294967293,125
4294967293,124
4294967293,123
4294967293,122
4294967293,121
4294967293,120
4294967293,119
4294967293,118
4294967293,117
4294967293,116
4294967293,115
4294967293,114
4294967293,113
4294967293,112
4294967293,111
4294967293,110
4294967293,109
4294967293,108
4294967293,107
4294967293,106
4294967293,105
4294967293,104
4294967293,103
4294967293,102
4294967293,101
4294967293,100
4294967293,99
4294967293,98
4294967293,97
4294967293,96
4294967293,95
4294967293,94
4294967293,93
4294967293,92
4294967293,91
4294967293,90
4294967293,89
4294967293,87
4294967293,86
4294967293,85
4294967293,84
4294967293,83
4294967293,82
4294967293,81
4294967293,80
4294967293,79
4294967293,78
4294967293,77
4294967293,76
4294967293,75
4294967293,74
4294967293,73
4294967293,72
4294967293,71
4294967293,70
4294967293,69
4294967293,68
4294967293,67
4294967293,66
4294967293,65
4294967293,64
4294967293,63
4294967293,62
4294967293,61
4294967293,60
4294967293,59
4294967293,58
4294967293,57
4294967293,56
4294967293,55
4294967293,54
4294967293,53
4294967293,52
4294967293,51
4294967293,50
4294967293,49
4294967293,48
4294967293,47
4294967293,46
4294967293,45
4294967293,44
4294967293,43
4294967293,42
4294967293,41
4294967293,40
4294967293,39
4294967293,38
4294967293,37
4294967293,36
4294967293,35
4294967293,34
4294967293,33
4294967293,32
4294967293,31
4294967293,30
4294967293,29
4294967293,28
4294967293,27
4294967293,26
4294967293,25
4294967293,24
4294967293,23
4294967293,22
4294967293,21
4294967293,20
4294967293,19
4294967293,18
4294967293,17
4294967293,16
4294967293,15
4294967293,14
4294967293,13
4294967293,12
4294967293,11
4294967293,10
4294967293,9
4294967293,8
4294967293,7
4294967293,6
4294967293,5
4294967293,4
4294967293,3
4294967279,102
4294967279,101
4294967279,100
4294967279,99
4294967279,98
4294967279,97
4294967279,96
4294967279,95
4294967279,94
4294967279,93
4294967279,92
4294967279,91
4294967279,90
4294967279,89
4294967279,87
4294967279,86
4294967279,85
4294967279,84
4294967279,83
4294967278,25
4294967278,24
4294967278,23
4294967278,22
4294967278,21
4294967278,20
4294967278,19
4294967278,18
4294967278,15
4294967278,14
4294967278,13
4294967278,12
4294967278,10
4294967278,9
4294967278,8
4294967278,7
4294967278,6
4294967278,5
4294967278,4
4294967279,132
4294967279,131
4294967279,129
4294967279,128
4294967279,126
4294967279,125
4294967279,124
4294967279,123
4294967279,122
4294967279,121
4294967279,120
4294967279,119
4294967279,118
4294967279,117
4294967279,554
4294967279,116
4294967279,115
4294967279,114
4294967279,260
4294967279,553
4294967279,113
4294967279,112
4294967279,111
4294967279,343
4294967279,110
4294967279,109
4294967279,367
4294967279,108
4294967279,563
4294967279,107
4294967279,106
4294967279,323
4294967279,105
4294967279,104
4294967279,103
4294967278,17
4294967278,16
4294967278,270
4294967278,269
4294967278,268
4294967279,263
4294967278,267
4294967279,262
4294967278,406
4294967278,11
4294967294,10
4294967294,196
4294967294,195
4294967294,192
4294967294,1015
4294967294,1013
4294967294,1011
4294967294,1005
4294967294,995
4294967294,528
4294967294,419
4294967294,188
4294967294,182
4294967294,179
4294967294,170
4294967294,162
4294967294,161
4294967294,30
4294967294,61
4294967278,265
4294967294,12
4294967278,324
4294967278,264
4294967278,285
4294967279,256
4294967278,262
4294967278,261
4294967278,278
4294967279,319
4294967279,317
4294967279,130
4294967278,355
4294967279,316
4294967279,315
4294967279,127
4294967279,337
4294967278,397
4294967279,561
4294967278,254
4294967279,559
4294967278,315
4294967279,250
4294967279,249
4294967279,248
4294967279,247
4294967279,245
4294967278,244
4294967278,380
4294967278,236
4294967278,232
4294967278,404
457,2
4294967278,390
4294967278,403
4294967278,434
4294967278,131
4294967278,130
4294967278,129
4294967278,128
4294967278,127
4294967278,126
4294967278,124
4294967278,121
4294967278,119
4294967278,118
4294967278,117
4294967278,116
4294967278,115
4294967278,110
4294967278,108
4294967278,107
4294967278,106
4294967278,105
4294967278,103
4294967278,102
4294967278,101
4294967278,100
4294967278,99
4294967278,98
4294967278,95
4294967278,93
4294967278,91
4294967278,90
4294967278,86
4294967278,85
4294967278,83
4294967278,80
4294967278,78
4294967278,76
4294967278,74
4294967278,69
4294967278,67
4294967278,64
4294967278,62
4294967278,61
4294967278,442
4294967278,60
4294967278,59
4294967278,266
4294967278,58
4294967278,385
4294967278,57
4294967278,56
4294967278,402
4294967278,55
4294967278,338
4294967278,54
4294967278,394
4294967278,53
4294967278,341
4294967278,52
4294967278,229
4294967278,51
4294967278,290
4294967278,50
4294967278,49
4294967278,393
4294967278,48
4294967278,387
4294967278,47
4294967278,217
4294967278,46
4294967278,45
4294967278,335
4294967278,44
4294967278,43
